world: c5735b15-1ed0-44f9-a12f-ecc5109be8a3
world-name: world
x: -20.447340106354737
y: 72.0
z: -8.492768258032717
yaw: -100.548828125
pitch: 16.499980926513672
name: spawn
lastowner: 3984d5cd-a2a5-4f3b-b6f4-0d3f181150f3
